nx = 10
nt = 100
dx = 0.10
dt = 0.10
x:
0.00 0.10 0.20 0.30 0.40 0.50 0.60 0.70 0.80 0.90 
t:
0.00 0.10 0.20 0.30 0.40 0.50 0.60 0.70 0.80 0.90 1.00 1.10 1.20 1.30 1.40 1.50 1.60 1.70 1.80 1.90 2.00 2.10 2.20 2.30 2.40 2.50 2.60 2.70 2.80 2.90 3.00 3.10 3.20 3.30 3.40 3.50 3.60 3.70 3.80 3.90 4.00 4.10 4.20 4.30 4.40 4.50 4.60 4.70 4.80 4.90 5.00 5.10 5.20 5.30 5.40 5.50 5.60 5.70 5.80 5.90 6.00 6.10 6.20 6.30 6.40 6.50 6.60 6.70 6.80 6.90 7.00 7.10 7.20 7.30 7.40 7.50 7.60 7.70 7.80 7.90 8.00 8.10 8.20 8.30 8.40 8.50 8.60 8.70 8.80 8.90 9.00 9.10 9.20 9.30 9.40 9.50 9.60 9.70 9.80 9.90 
Temperature distribution (T):
30.00 100.00 100.00 100.00 100.00 100.00 100.00 100.00 100.00 30.00 
30.00 92.26 99.65 99.98 100.00 100.00 99.98 99.65 92.26 30.00 
30.00 85.86 98.71 99.91 99.99 99.99 99.91 98.71 85.86 30.00 
30.00 80.53 97.40 99.75 99.98 99.98 99.75 97.40 80.53 30.00 
30.00 76.04 95.87 99.49 99.94 99.94 99.49 95.87 76.04 30.00 
30.00 72.21 94.20 99.12 99.88 99.88 99.12 94.20 72.21 30.00 
30.00 68.93 92.48 98.66 99.79 99.79 98.66 92.48 68.93 30.00 
30.00 66.09 90.75 98.12 99.66 99.66 98.12 90.75 66.09 30.00 
30.00 63.61 89.04 97.50 99.48 99.48 97.50 89.04 63.61 30.00 
30.00 61.43 87.36 96.82 99.26 99.26 96.82 87.36 61.43 30.00 
30.00 59.49 85.75 96.10 98.99 98.99 96.10 85.75 59.49 30.00 
30.00 57.76 84.19 95.34 98.68 98.68 95.34 84.19 57.76 30.00 
30.00 56.21 82.69 94.54 98.32 98.32 94.54 82.69 56.21 30.00 
30.00 54.81 81.26 93.73 97.93 97.93 93.73 81.26 54.81 30.00 
30.00 53.53 79.89 92.89 97.49 97.49 92.89 79.89 53.53 30.00 
30.00 52.36 78.59 92.05 97.01 97.01 92.05 78.59 52.36 30.00 
30.00 51.29 77.34 91.19 96.49 96.49 91.19 77.34 51.29 30.00 
30.00 50.31 76.15 90.34 95.95 95.95 90.34 76.15 50.31 30.00 
30.00 49.40 75.01 89.48 95.37 95.37 89.48 75.01 49.40 30.00 
30.00 48.55 73.92 88.62 94.77 94.77 88.62 73.92 48.55 30.00 
30.00 47.76 72.87 87.77 94.15 94.15 87.77 72.87 47.76 30.00 
30.00 47.02 71.87 86.92 93.50 93.50 86.92 71.87 47.02 30.00 
30.00 46.32 70.91 86.08 92.83 92.83 86.08 70.91 46.32 30.00 
30.00 45.67 69.99 85.24 92.15 92.15 85.24 69.99 45.67 30.00 
30.00 45.05 69.10 84.41 91.45 91.45 84.41 69.10 45.05 30.00 
30.00 44.47 68.24 83.58 90.74 90.74 83.58 68.24 44.47 30.00 
30.00 43.91 67.41 82.77 90.02 90.02 82.77 67.41 43.91 30.00 
30.00 43.38 66.61 81.96 89.29 89.29 81.96 66.61 43.38 30.00 
30.00 42.88 65.83 81.16 88.56 88.56 81.16 65.83 42.88 30.00 
30.00 42.40 65.08 80.37 87.81 87.81 80.37 65.08 42.40 30.00 
30.00 41.94 64.35 79.59 87.07 87.07 79.59 64.35 41.94 30.00 
30.00 41.49 63.65 78.82 86.32 86.32 78.82 63.65 41.49 30.00 
30.00 41.07 62.96 78.06 85.57 85.57 78.06 62.96 41.07 30.00 
30.00 40.66 62.29 77.30 84.82 84.82 77.30 62.29 40.66 30.00 
30.00 40.26 61.63 76.56 84.07 84.07 76.56 61.63 40.26 30.00 
30.00 39.88 61.00 75.82 83.32 83.32 75.82 61.00 39.88 30.00 
30.00 39.51 60.37 75.09 82.57 82.57 75.09 60.37 39.51 30.00 
30.00 39.15 59.77 74.37 81.82 81.82 74.37 59.77 39.15 30.00 
30.00 38.80 59.17 73.66 81.08 81.08 73.66 59.17 38.80 30.00 
30.00 38.46 58.59 72.96 80.34 80.34 72.96 58.59 38.46 30.00 
30.00 38.13 58.02 72.26 79.60 79.60 72.26 58.02 38.13 30.00 
30.00 37.81 57.46 71.58 78.87 78.87 71.58 57.46 37.81 30.00 
30.00 37.50 56.91 70.90 78.14 78.14 70.90 56.91 37.50 30.00 
30.00 37.20 56.38 70.23 77.42 77.42 70.23 56.38 37.20 30.00 
30.00 36.90 55.85 69.57 76.71 76.71 69.57 55.85 36.90 30.00 
30.00 36.61 55.33 68.91 75.99 75.99 68.91 55.33 36.61 30.00 
30.00 36.32 54.82 68.27 75.29 75.29 68.27 54.82 36.32 30.00 
30.00 36.04 54.32 67.63 74.59 74.59 67.63 54.32 36.04 30.00 
30.00 35.77 53.83 67.00 73.90 73.90 67.00 53.83 35.77 30.00 
30.00 35.50 53.34 66.37 73.21 73.21 66.37 53.34 35.50 30.00 
30.00 35.24 52.86 65.76 72.53 72.53 65.76 52.86 35.24 30.00 
30.00 34.98 52.39 65.15 71.86 71.86 65.15 52.39 34.98 30.00 
30.00 34.72 51.93 64.55 71.19 71.19 64.55 51.93 34.72 30.00 
30.00 34.47 51.48 63.95 70.53 70.53 63.95 51.48 34.47 30.00 
30.00 34.23 51.03 63.37 69.87 69.87 63.37 51.03 34.23 30.00 
30.00 33.99 50.58 62.79 69.23 69.23 62.79 50.58 33.99 30.00 
30.00 33.75 50.15 62.21 68.59 68.59 62.21 50.15 33.75 30.00 
30.00 33.52 49.72 61.65 67.95 67.95 61.65 49.72 33.52 30.00 
30.00 33.29 49.29 61.09 67.33 67.33 61.09 49.29 33.29 30.00 
30.00 33.06 48.88 60.54 66.70 66.70 60.54 48.88 33.06 30.00 
30.00 32.84 48.46 59.99 66.09 66.09 59.99 48.46 32.84 30.00 
30.00 32.62 48.06 59.45 65.48 65.48 59.45 48.06 32.62 30.00 
30.00 32.40 47.65 58.92 64.88 64.88 58.92 47.65 32.40 30.00 
30.00 32.19 47.26 58.39 64.29 64.29 58.39 47.26 32.19 30.00 
30.00 31.98 46.87 57.87 63.70 63.70 57.87 46.87 31.98 30.00 
30.00 31.77 46.48 57.36 63.12 63.12 57.36 46.48 31.77 30.00 
30.00 31.57 46.10 56.85 62.55 62.55 56.85 46.10 31.57 30.00 
30.00 31.36 45.72 56.35 61.98 61.98 56.35 45.72 31.36 30.00 
30.00 31.17 45.35 55.85 61.42 61.42 55.85 45.35 31.17 30.00 
30.00 30.97 44.99 55.36 60.87 60.87 55.36 44.99 30.97 30.00 
30.00 30.77 44.62 54.88 60.32 60.32 54.88 44.62 30.77 30.00 
30.00 30.58 44.27 54.40 59.78 59.78 54.40 44.27 30.58 30.00 
30.00 30.39 43.91 53.93 59.25 59.25 53.93 43.91 30.39 30.00 
30.00 30.21 43.57 53.46 58.72 58.72 53.46 43.57 30.21 30.00 
30.00 30.02 43.22 53.00 58.19 58.19 53.00 43.22 30.02 30.00 
30.00 29.84 42.88 52.54 57.68 57.68 52.54 42.88 29.84 30.00 
30.00 29.66 42.55 52.09 57.17 57.17 52.09 42.55 29.66 30.00 
30.00 29.49 42.22 51.65 56.66 56.66 51.65 42.22 29.49 30.00 
30.00 29.31 41.89 51.21 56.17 56.17 51.21 41.89 29.31 30.00 
30.00 29.14 41.56 50.78 55.67 55.67 50.78 41.56 29.14 30.00 
30.00 28.97 41.25 50.35 55.19 55.19 50.35 41.25 28.97 30.00 
30.00 28.80 40.93 49.92 54.70 54.70 49.92 40.93 28.80 30.00 
30.00 28.63 40.62 49.50 54.23 54.23 49.50 40.62 28.63 30.00 
30.00 28.47 40.31 49.09 53.76 53.76 49.09 40.31 28.47 30.00 
30.00 28.31 40.01 48.68 53.30 53.30 48.68 40.01 28.31 30.00 
30.00 28.15 39.71 48.28 52.84 52.84 48.28 39.71 28.15 30.00 
30.00 27.99 39.41 47.88 52.38 52.38 47.88 39.41 27.99 30.00 
30.00 27.83 39.12 47.49 51.94 51.94 47.49 39.12 27.83 30.00 
30.00 27.68 38.83 47.10 51.49 51.49 47.10 38.83 27.68 30.00 
30.00 27.53 38.54 46.71 51.06 51.06 46.71 38.54 27.53 30.00 
30.00 27.38 38.26 46.33 50.62 50.62 46.33 38.26 27.38 30.00 
30.00 27.23 37.98 45.96 50.20 50.20 45.96 37.98 27.23 30.00 
30.00 27.08 37.70 45.58 49.78 49.78 45.58 37.70 27.08 30.00 
30.00 26.94 37.43 45.22 49.36 49.36 45.22 37.43 26.94 30.00 
30.00 26.79 37.16 44.86 48.95 48.95 44.86 37.16 26.79 30.00 
30.00 26.65 36.90 44.50 48.54 48.54 44.50 36.90 26.65 30.00 
30.00 26.51 36.63 44.14 48.14 48.14 44.14 36.63 26.51 30.00 
30.00 26.37 36.37 43.79 47.74 47.74 43.79 36.37 26.37 30.00 
30.00 26.24 36.12 43.45 47.35 47.35 43.45 36.12 26.24 30.00 
30.00 26.10 35.86 43.11 46.96 46.96 43.11 35.86 26.10 30.00 
