nx = 10
nt = 100
dx = 0.10
dt = 0.10
x:
0.00 0.10 0.20 0.30 0.40 0.50 0.60 0.70 0.80 0.90 
t:
0.00 0.10 0.20 0.30 0.40 0.50 0.60 0.70 0.80 0.90 1.00 1.10 1.20 1.30 1.40 1.50 1.60 1.70 1.80 1.90 2.00 2.10 2.20 2.30 2.40 2.50 2.60 2.70 2.80 2.90 3.00 3.10 3.20 3.30 3.40 3.50 3.60 3.70 3.80 3.90 4.00 4.10 4.20 4.30 4.40 4.50 4.60 4.70 4.80 4.90 5.00 5.10 5.20 5.30 5.40 5.50 5.60 5.70 5.80 5.90 6.00 6.10 6.20 6.30 6.40 6.50 6.60 6.70 6.80 6.90 7.00 7.10 7.20 7.30 7.40 7.50 7.60 7.70 7.80 7.90 8.00 8.10 8.20 8.30 8.40 8.50 8.60 8.70 8.80 8.90 9.00 9.10 9.20 9.30 9.40 9.50 9.60 9.70 9.80 9.90 
Temperature distribution (T):
30.00 100.00 100.00 100.00 100.00 100.00 100.00 100.00 100.00 30.00 
30.00 93.00 100.00 100.00 100.00 100.00 100.00 100.00 93.00 30.00 
30.00 87.40 99.30 100.00 100.00 100.00 100.00 99.30 87.40 30.00 
30.00 82.85 98.18 99.93 100.00 100.00 99.93 98.18 82.85 30.00 
30.00 79.10 96.82 99.76 99.99 99.99 99.76 96.82 79.10 30.00 
30.00 75.96 95.34 99.49 99.97 99.97 99.49 95.34 75.96 30.00 
30.00 73.30 93.82 99.12 99.92 99.92 99.12 93.82 73.30 30.00 
30.00 71.02 92.30 98.67 99.84 99.84 98.67 92.30 71.02 30.00 
30.00 69.05 90.81 98.15 99.73 99.73 98.15 90.81 69.05 30.00 
30.00 67.32 89.37 97.58 99.57 99.57 97.58 89.37 67.32 30.00 
30.00 65.79 87.98 96.95 99.37 99.37 96.95 87.98 65.79 30.00 
30.00 64.43 86.66 96.30 99.13 99.13 96.30 86.66 64.43 30.00 
30.00 63.21 85.40 95.62 98.84 98.84 95.62 85.40 63.21 30.00 
30.00 62.11 84.20 94.92 98.52 98.52 94.92 84.20 62.11 30.00 
30.00 61.11 83.07 94.21 98.16 98.16 94.21 83.07 61.11 30.00 
30.00 60.19 81.99 93.49 97.77 97.77 93.49 81.99 60.19 30.00 
30.00 59.35 80.96 92.77 97.34 97.34 92.77 80.96 59.35 30.00 
30.00 58.58 79.98 92.04 96.88 96.88 92.04 79.98 58.58 30.00 
30.00 57.86 79.04 91.32 96.40 96.40 91.32 79.04 57.86 30.00 
30.00 57.19 78.15 90.60 95.89 95.89 90.60 78.15 57.19 30.00 
30.00 56.57 77.30 89.88 95.36 95.36 89.88 77.30 56.57 30.00 
30.00 55.99 76.49 89.17 94.81 94.81 89.17 76.49 55.99 30.00 
30.00 55.44 75.71 88.47 94.25 94.25 88.47 75.71 55.44 30.00 
30.00 54.92 74.95 87.77 93.67 93.67 87.77 74.95 54.92 30.00 
30.00 54.43 74.23 87.08 93.08 93.08 87.08 74.23 54.43 30.00 
30.00 53.97 73.54 86.39 92.48 92.48 86.39 73.54 53.97 30.00 
30.00 53.53 72.87 85.72 91.87 91.87 85.72 72.87 53.53 30.00 
30.00 53.11 72.22 85.05 91.26 91.26 85.05 72.22 53.11 30.00 
30.00 52.71 71.59 84.39 90.64 90.64 84.39 71.59 52.71 30.00 
30.00 52.33 70.98 83.73 90.01 90.01 83.73 70.98 52.33 30.00 
30.00 51.96 70.39 83.08 89.38 89.38 83.08 70.39 51.96 30.00 
30.00 51.61 69.82 82.44 88.75 88.75 82.44 69.82 51.61 30.00 
30.00 51.27 69.26 81.81 88.12 88.12 81.81 69.26 51.27 30.00 
30.00 50.94 68.71 81.19 87.49 87.49 81.19 68.71 50.94 30.00 
30.00 50.62 68.18 80.57 86.86 86.86 80.57 68.18 50.62 30.00 
30.00 50.32 67.67 79.96 86.23 86.23 79.96 67.67 50.32 30.00 
30.00 50.02 67.16 79.36 85.60 85.60 79.36 67.16 50.02 30.00 
30.00 49.73 66.67 78.76 84.98 84.98 78.76 66.67 49.73 30.00 
30.00 49.45 66.18 78.18 84.36 84.36 78.18 66.18 49.45 30.00 
30.00 49.18 65.71 77.59 83.74 83.74 77.59 65.71 49.18 30.00 
30.00 48.92 65.25 77.02 83.13 83.13 77.02 65.25 48.92 30.00 
30.00 48.66 64.79 76.45 82.52 82.52 76.45 64.79 48.66 30.00 
30.00 48.40 64.34 75.89 81.91 81.91 75.89 64.34 48.40 30.00 
30.00 48.16 63.90 75.34 81.31 81.31 75.34 63.90 48.16 30.00 
30.00 47.92 63.47 74.79 80.71 80.71 74.79 63.47 47.92 30.00 
30.00 47.68 63.05 74.25 80.12 80.12 74.25 63.05 47.68 30.00 
30.00 47.45 62.63 73.72 79.53 79.53 73.72 62.63 47.45 30.00 
30.00 47.22 62.22 73.19 78.95 78.95 73.19 62.22 47.22 30.00 
30.00 47.00 61.82 72.67 78.38 78.38 72.67 61.82 47.00 30.00 
30.00 46.78 61.42 72.16 77.80 77.80 72.16 61.42 46.78 30.00 
30.00 46.57 61.03 71.65 77.24 77.24 71.65 61.03 46.57 30.00 
30.00 46.36 60.65 71.15 76.68 76.68 71.15 60.65 46.36 30.00 
30.00 46.15 60.27 70.65 76.13 76.13 70.65 60.27 46.15 30.00 
30.00 45.95 59.89 70.16 75.58 75.58 70.16 59.89 45.95 30.00 
30.00 45.75 59.53 69.67 75.04 75.04 69.67 59.53 45.75 30.00 
30.00 45.55 59.16 69.20 74.50 74.50 69.20 59.16 45.55 30.00 
30.00 45.36 58.81 68.72 73.97 73.97 68.72 58.81 45.36 30.00 
30.00 45.17 58.45 68.26 73.45 73.45 68.26 58.45 45.17 30.00 
30.00 44.98 58.10 67.79 72.93 72.93 67.79 58.10 44.98 30.00 
30.00 44.79 57.76 67.34 72.41 72.41 67.34 57.76 44.79 30.00 
30.00 44.61 57.42 66.89 71.91 71.91 66.89 57.42 44.61 30.00 
30.00 44.43 57.09 66.44 71.40 71.40 66.44 57.09 44.43 30.00 
30.00 44.25 56.76 66.00 70.91 70.91 66.00 56.76 44.25 30.00 
30.00 44.08 56.43 65.57 70.42 70.42 65.57 56.43 44.08 30.00 
30.00 43.91 56.11 65.14 69.93 69.93 65.14 56.11 43.91 30.00 
30.00 43.74 55.79 64.72 69.45 69.45 64.72 55.79 43.74 30.00 
30.00 43.57 55.48 64.30 68.98 68.98 64.30 55.48 43.57 30.00 
30.00 43.40 55.17 63.88 68.51 68.51 63.88 55.17 43.40 30.00 
30.00 43.24 54.86 63.48 68.05 68.05 63.48 54.86 43.24 30.00 
30.00 43.08 54.56 63.07 67.59 67.59 63.07 54.56 43.08 30.00 
30.00 42.92 54.27 62.67 67.14 67.14 62.67 54.27 42.92 30.00 
30.00 42.76 53.97 62.28 66.69 66.69 62.28 53.97 42.76 30.00 
30.00 42.61 53.68 61.89 66.25 66.25 61.89 53.68 42.61 30.00 
30.00 42.45 53.39 61.51 65.82 65.82 61.51 53.39 42.45 30.00 
30.00 42.30 53.11 61.13 65.38 65.38 61.13 53.11 42.30 30.00 
30.00 42.15 52.83 60.75 64.96 64.96 60.75 52.83 42.15 30.00 
30.00 42.01 52.56 60.38 64.54 64.54 60.38 52.56 42.01 30.00 
30.00 41.86 52.28 60.01 64.12 64.12 60.01 52.28 41.86 30.00 
30.00 41.72 52.01 59.65 63.71 63.71 59.65 52.01 41.72 30.00 
30.00 41.57 51.75 59.29 63.30 63.30 59.29 51.75 41.57 30.00 
30.00 41.43 51.48 58.94 62.90 62.90 58.94 51.48 41.43 30.00 
30.00 41.30 51.23 58.59 62.51 62.51 58.59 51.23 41.30 30.00 
30.00 41.16 50.97 58.25 62.12 62.12 58.25 50.97 41.16 30.00 
30.00 41.02 50.72 57.90 61.73 61.73 57.90 50.72 41.02 30.00 
30.00 40.89 50.47 57.57 61.35 61.35 57.57 50.47 40.89 30.00 
30.00 40.76 50.22 57.24 60.97 60.97 57.24 50.22 40.76 30.00 
30.00 40.63 49.97 56.91 60.60 60.60 56.91 49.97 40.63 30.00 
30.00 40.50 49.73 56.58 60.23 60.23 56.58 49.73 40.50 30.00 
30.00 40.37 49.49 56.26 59.86 59.86 56.26 49.49 40.37 30.00 
30.00 40.25 49.26 55.95 59.50 59.50 55.95 49.26 40.25 30.00 
30.00 40.12 49.03 55.63 59.15 59.15 55.63 49.03 40.12 30.00 
30.00 40.00 48.80 55.32 58.79 58.79 55.32 48.80 40.00 30.00 
30.00 39.88 48.57 55.02 58.45 58.45 55.02 48.57 39.88 30.00 
30.00 39.76 48.35 54.72 58.10 58.10 54.72 48.35 39.76 30.00 
30.00 39.64 48.12 54.42 57.77 57.77 54.42 48.12 39.64 30.00 
30.00 39.53 47.91 54.12 57.43 57.43 54.12 47.91 39.53 30.00 
30.00 39.41 47.69 53.83 57.10 57.10 53.83 47.69 39.41 30.00 
30.00 39.30 47.48 53.55 56.77 56.77 53.55 47.48 39.30 30.00 
30.00 39.19 47.27 53.26 56.45 56.45 53.26 47.27 39.19 30.00 
30.00 39.08 47.06 52.98 56.13 56.13 52.98 47.06 39.08 30.00 
