nx = 10
nt = 100
dx = 0.10
dt = 0.10
x:
0.00 0.10 0.20 0.30 0.40 0.50 0.60 0.70 0.80 0.90 
t:
0.00 0.10 0.20 0.30 0.40 0.50 0.60 0.70 0.80 0.90 1.00 1.10 1.20 1.30 1.40 1.50 1.60 1.70 1.80 1.90 2.00 2.10 2.20 2.30 2.40 2.50 2.60 2.70 2.80 2.90 3.00 3.10 3.20 3.30 3.40 3.50 3.60 3.70 3.80 3.90 4.00 4.10 4.20 4.30 4.40 4.50 4.60 4.70 4.80 4.90 5.00 5.10 5.20 5.30 5.40 5.50 5.60 5.70 5.80 5.90 6.00 6.10 6.20 6.30 6.40 6.50 6.60 6.70 6.80 6.90 7.00 7.10 7.20 7.30 7.40 7.50 7.60 7.70 7.80 7.90 8.00 8.10 8.20 8.30 8.40 8.50 8.60 8.70 8.80 8.90 9.00 9.10 9.20 9.30 9.40 9.50 9.60 9.70 9.80 9.90 
Temperature distribution (T):
30.00 100.00 100.00 100.00 100.00 100.00 100.00 100.00 100.00 30.00 
30.00 94.13 99.51 99.96 100.00 100.00 99.96 99.51 94.13 30.00 
30.00 89.16 98.67 99.85 99.98 99.98 99.85 98.67 89.16 30.00 
30.00 84.94 97.61 99.68 99.96 99.96 99.68 97.61 84.94 30.00 
30.00 81.31 96.40 99.42 99.91 99.91 99.42 96.40 81.31 30.00 
30.00 78.19 95.11 99.10 99.83 99.83 99.10 95.11 78.19 30.00 
30.00 75.47 93.77 98.71 99.73 99.73 98.71 93.77 75.47 30.00 
30.00 73.09 92.42 98.26 99.60 99.60 98.26 92.42 73.09 30.00 
30.00 71.00 91.08 97.76 99.43 99.43 97.76 91.08 71.00 30.00 
30.00 69.15 89.77 97.21 99.23 99.23 97.21 89.77 69.15 30.00 
30.00 67.50 88.48 96.63 98.99 98.99 96.63 88.48 67.50 30.00 
30.00 66.02 87.24 96.03 98.72 98.72 96.03 87.24 66.02 30.00 
30.00 64.68 86.04 95.39 98.42 98.42 95.39 86.04 64.68 30.00 
30.00 63.48 84.88 94.74 98.09 98.09 94.74 84.88 63.48 30.00 
30.00 62.38 83.77 94.08 97.72 97.72 94.08 83.77 62.38 30.00 
30.00 61.38 82.71 93.40 97.33 97.33 93.40 82.71 61.38 30.00 
30.00 60.45 81.69 92.72 96.91 96.91 92.72 81.69 60.45 30.00 
30.00 59.60 80.71 92.03 96.47 96.47 92.03 80.71 59.60 30.00 
30.00 58.82 79.77 91.34 96.00 96.00 91.34 79.77 58.82 30.00 
30.00 58.09 78.87 90.65 95.51 95.51 90.65 78.87 58.09 30.00 
30.00 57.41 78.01 89.96 95.01 95.01 89.96 78.01 57.41 30.00 
30.00 56.77 77.17 89.27 94.49 94.49 89.27 77.17 56.77 30.00 
30.00 56.17 76.38 88.58 93.95 93.95 88.58 76.38 56.17 30.00 
30.00 55.61 75.61 87.90 93.40 93.40 87.90 75.61 55.61 30.00 
30.00 55.08 74.86 87.23 92.84 92.84 87.23 74.86 55.08 30.00 
30.00 54.58 74.15 86.56 92.27 92.27 86.56 74.15 54.58 30.00 
30.00 54.10 73.46 85.89 91.69 91.69 85.89 73.46 54.10 30.00 
30.00 53.65 72.79 85.24 91.10 91.10 85.24 72.79 53.65 30.00 
30.00 53.22 72.14 84.58 90.51 90.51 84.58 72.14 53.22 30.00 
30.00 52.81 71.51 83.94 89.91 89.91 83.94 71.51 52.81 30.00 
30.00 52.42 70.90 83.30 89.31 89.31 83.30 70.90 52.42 30.00 
30.00 52.04 70.31 82.67 88.71 88.71 82.67 70.31 52.04 30.00 
30.00 51.68 69.74 82.04 88.10 88.10 82.04 69.74 51.68 30.00 
30.00 51.33 69.18 81.43 87.49 87.49 81.43 69.18 51.33 30.00 
30.00 51.00 68.63 80.81 86.89 86.89 80.81 68.63 51.00 30.00 
30.00 50.67 68.10 80.21 86.28 86.28 80.21 68.10 50.67 30.00 
30.00 50.36 67.58 79.61 85.67 85.67 79.61 67.58 50.36 30.00 
30.00 50.05 67.07 79.02 85.07 85.07 79.02 67.07 50.05 30.00 
30.00 49.76 66.58 78.44 84.47 84.47 78.44 66.58 49.76 30.00 
30.00 49.47 66.09 77.86 83.87 83.87 77.86 66.09 49.47 30.00 
30.00 49.20 65.62 77.29 83.27 83.27 77.29 65.62 49.20 30.00 
30.00 48.93 65.15 76.73 82.67 82.67 76.73 65.15 48.93 30.00 
30.00 48.66 64.70 76.17 82.08 82.08 76.17 64.70 48.66 30.00 
30.00 48.41 64.25 75.62 81.50 81.50 75.62 64.25 48.41 30.00 
30.00 48.16 63.81 75.08 80.91 80.91 75.08 63.81 48.16 30.00 
30.00 47.91 63.38 74.54 80.33 80.33 74.54 63.38 47.91 30.00 
30.00 47.67 62.96 74.01 79.76 79.76 74.01 62.96 47.67 30.00 
30.00 47.44 62.54 73.49 79.19 79.19 73.49 62.54 47.44 30.00 
30.00 47.21 62.13 72.97 78.62 78.62 72.97 62.13 47.21 30.00 
30.00 46.99 61.73 72.46 78.06 78.06 72.46 61.73 46.99 30.00 
30.00 46.77 61.34 71.95 77.51 77.51 71.95 61.34 46.77 30.00 
30.00 46.55 60.95 71.45 76.96 76.96 71.45 60.95 46.55 30.00 
30.00 46.34 60.56 70.96 76.41 76.41 70.96 60.56 46.34 30.00 
30.00 46.13 60.19 70.47 75.87 75.87 70.47 60.19 46.13 30.00 
30.00 45.93 59.82 69.99 75.34 75.34 69.99 59.82 45.93 30.00 
30.00 45.73 59.45 69.51 74.81 74.81 69.51 59.45 45.73 30.00 
30.00 45.53 59.09 69.04 74.28 74.28 69.04 59.09 45.53 30.00 
30.00 45.34 58.73 68.57 73.76 73.76 68.57 58.73 45.34 30.00 
30.00 45.15 58.38 68.12 73.25 73.25 68.12 58.38 45.15 30.00 
30.00 44.96 58.04 67.66 72.74 72.74 67.66 58.04 44.96 30.00 
30.00 44.77 57.70 67.21 72.24 72.24 67.21 57.70 44.77 30.00 
30.00 44.59 57.36 66.77 71.74 71.74 66.77 57.36 44.59 30.00 
30.00 44.41 57.03 66.33 71.25 71.25 66.33 57.03 44.41 30.00 
30.00 44.23 56.70 65.90 70.76 70.76 65.90 56.70 44.23 30.00 
30.00 44.06 56.38 65.47 70.28 70.28 65.47 56.38 44.06 30.00 
30.00 43.89 56.06 65.05 69.81 69.81 65.05 56.06 43.89 30.00 
30.00 43.72 55.75 64.63 69.34 69.34 64.63 55.75 43.72 30.00 
30.00 43.55 55.44 64.22 68.87 68.87 64.22 55.44 43.55 30.00 
30.00 43.39 55.13 63.81 68.41 68.41 63.81 55.13 43.39 30.00 
30.00 43.23 54.83 63.41 67.96 67.96 63.41 54.83 43.23 30.00 
30.00 43.07 54.53 63.01 67.51 67.51 63.01 54.53 43.07 30.00 
30.00 42.91 54.23 62.61 67.06 67.06 62.61 54.23 42.91 30.00 
30.00 42.75 53.94 62.23 66.62 66.62 62.23 53.94 42.75 30.00 
30.00 42.60 53.66 61.84 66.19 66.19 61.84 53.66 42.60 30.00 
30.00 42.45 53.37 61.46 65.76 65.76 61.46 53.37 42.45 30.00 
30.00 42.30 53.09 61.09 65.33 65.33 61.09 53.09 42.30 30.00 
30.00 42.15 52.82 60.72 64.91 64.91 60.72 52.82 42.15 30.00 
30.00 42.00 52.54 60.35 64.50 64.50 60.35 52.54 42.00 30.00 
30.00 41.86 52.27 59.99 64.09 64.09 59.99 52.27 41.86 30.00 
30.00 41.71 52.01 59.63 63.68 63.68 59.63 52.01 41.71 30.00 
30.00 41.57 51.74 59.28 63.28 63.28 59.28 51.74 41.57 30.00 
30.00 41.44 51.48 58.93 62.89 62.89 58.93 51.48 41.44 30.00 
30.00 41.30 51.23 58.58 62.50 62.50 58.58 51.23 41.30 30.00 
30.00 41.16 50.97 58.24 62.11 62.11 58.24 50.97 41.16 30.00 
30.00 41.03 50.72 57.91 61.73 61.73 57.91 50.72 41.03 30.00 
30.00 40.90 50.47 57.57 61.35 61.35 57.57 50.47 40.90 30.00 
30.00 40.77 50.23 57.25 60.98 60.98 57.25 50.23 40.77 30.00 
30.00 40.64 49.99 56.92 60.61 60.61 56.92 49.99 40.64 30.00 
30.00 40.51 49.75 56.60 60.24 60.24 56.60 49.75 40.51 30.00 
30.00 40.39 49.51 56.28 59.88 59.88 56.28 49.51 40.39 30.00 
30.00 40.26 49.28 55.97 59.53 59.53 55.97 49.28 40.26 30.00 
30.00 40.14 49.05 55.66 59.18 59.18 55.66 49.05 40.14 30.00 
30.00 40.02 48.82 55.35 58.83 58.83 55.35 48.82 40.02 30.00 
30.00 39.90 48.60 55.05 58.49 58.49 55.05 48.60 39.90 30.00 
30.00 39.78 48.38 54.75 58.15 58.15 54.75 48.38 39.78 30.00 
30.00 39.66 48.16 54.46 57.81 57.81 54.46 48.16 39.66 30.00 
30.00 39.55 47.94 54.17 57.48 57.48 54.17 47.94 39.55 30.00 
30.00 39.43 47.73 53.88 57.15 57.15 53.88 47.73 39.43 30.00 
30.00 39.32 47.51 53.60 56.83 56.83 53.60 47.51 39.32 30.00 
30.00 39.21 47.31 53.31 56.51 56.51 53.31 47.31 39.21 30.00 
